ENSMGAG00000000015	21	43	gga-miR-460b-5p	21	43	5
ENSMGAG00000000016	51	72	gga-miR-130a	51	71	117
ENSMGAG00000000019	13	34	gga-miR-126*	13	34	67
ENSMGAG00000000019	50	73	gga-miR-126	51	71	13
ENSMGAG00000000025	13	33	gga-miR-15a	13	33	2498
ENSMGAG00000000025	50	72	hsa-miR-15a-3p	50	69	11
ENSMGAG00000000033	15	38	gga-miR-499	15	35	21
ENSMGAG00000000033	53	74	aca-miR-499-3p	53	74	13
ENSMGAG00000000038	54	75	tgu-miR-365	54	73	524
ENSMGAG00000000048	12	33	tgu-miR-130b*	12	33	122
ENSMGAG00000000048	51	72	gga-miR-130b	51	72	726
ENSMGAG00000000050	62	86	hsa-miR-3074-3p;hsa-miR-24-1-5p	64	86	3
ENSMGAG00000000050	102	124	gga-miR-24	102	122	29515
ENSMGAG00000000052	17	39	gga-miR-21	17	38	264197
ENSMGAG00000000052	56	77	tgu-miR-21*	55	75	48
ENSMGAG00000000055	10	31	gga-miR-204;gga-miR-211	10	31	390
ENSMGAG00000000057	7	29	gga-miR-302b*	9	29	2
ENSMGAG00000000057	45	68	gga-miR-302b	45	65	5
ENSMGAG00000000060	13	36	gga-miR-2131	13	36	192
ENSMGAG00000000062	9	30	gga-miR-1662	9	29	1
ENSMGAG00000000070	10	31	gga-let-7k	10	31	1057
ENSMGAG00000000070	60	79	hsa-let-7a-3p	60	81	87
ENSMGAG00000000074	25	47	gga-miR-1451	25	47	1148
ENSMGAG00000000074	62	85	gga-miR-1451*	62	84	118
ENSMGAG00000000079	15	36	tgu-let-7d	15	36	23
ENSMGAG00000000083	45	66	gga-miR-1a	45	64	1
ENSMGAG00000000089	12	35	mmu-miR-107-5p	12	35	4
ENSMGAG00000000089	49	72	gga-miR-107	49	67	121
ENSMGAG00000000090	13	35	gga-miR-18a	13	33	9112
ENSMGAG00000000090	54	77	hsa-miR-18a-3p	54	76	30
ENSMGAG00000000092	13	35	hsa-miR-19a-5p	10	31	20
ENSMGAG00000000092	48	71	gga-miR-19a	48	70	20047
ENSMGAG00000000093	14	36	gga-miR-460a	14	36	627
ENSMGAG00000000093	51	72	tgu-miR-460a*	51	72	61
ENSMGAG00000000096	41	61	gga-miR-133b	40	62	2
ENSMGAG00000000098	45	65	gga-miR-1597	45	64	1
ENSMGAG00000000099	51	72	gga-miR-429	51	72	4
ENSMGAG00000000102	14	34	gga-miR-33	14	34	41
ENSMGAG00000000105	1	22	oan-miR-222a*	1	22	29
ENSMGAG00000000105	40	62	gga-miR-222	40	62	746
ENSMGAG00000000106	3	24	cbr-let-7	3	24	1067
ENSMGAG00000000106	50	75	aca-let-7e*	53	74	109
ENSMGAG00000000107	50	73	gga-miR-193b	50	71	3
ENSMGAG00000000124	8	31	rno-miR-138	8	31	37
ENSMGAG00000000124	55	75	oan-miR-138*	55	75	19
ENSMGAG00000000133	14	35	gga-miR-190	14	38	582
ENSMGAG00000000133	50	71	oan-miR-190a*	50	71	26
ENSMGAG00000000134	2	24	gga-miR-30d	2	25	4538
ENSMGAG00000000134	40	62	tgu-miR-30d-3p	39	61	33
ENSMGAG00000000143	24	46	gga-miR-1655	24	46	1
ENSMGAG00000000147	28	49	gga-miR-199	28	49	1429
ENSMGAG00000000147	67	89	hsa-miR-199a-3p;hsa-miR-199b-3p	67	87	3687
ENSMGAG00000000149	11	33	tgu-miR-101*	11	33	23
ENSMGAG00000000149	47	69	gga-miR-101	48	67	7356
ENSMGAG00000000150	72	94	gga-miR-456	72	93	225
ENSMGAG00000000153	15	38	tgu-miR-135a;tgu-miR-135b	15	37	2229
ENSMGAG00000000154	10	33	gga-miR-20b	10	30	15106
ENSMGAG00000000154	48	69	oan-miR-20b*	47	65	2
ENSMGAG00000000156	23	45	ssc-miR-218b	23	45	18
ENSMGAG00000000160	48	69	gga-miR-7b	48	72	74
ENSMGAG00000000163	17	40	gga-miR-34c	17	39	43
ENSMGAG00000000163	49	71	mmu-miR-34c-3p	49	71	17
ENSMGAG00000000166	45	67	gga-miR-200b	45	66	15
ENSMGAG00000000168	12	31	gga-miR-1811	10	30	1
ENSMGAG00000000169	14	34	hsa-miR-16-5p	14	36	4221
ENSMGAG00000000169	56	76	tgu-miR-16b*	56	76	52
ENSMGAG00000000170	18	40	gga-miR-146b	18	41	362
ENSMGAG00000000170	58	78	gga-miR-146b*	56	78	22
ENSMGAG00000000171	13	35	gga-miR-194	13	34	1
ENSMGAG00000000173	15	37	hsa-miR-145-5p	15	37	1094
ENSMGAG00000000173	51	72	hsa-miR-145-3p	53	73	9
ENSMGAG00000000174	52	72	gga-miR-153	52	72	131
ENSMGAG00000000179	19	37	hsa-miR-19b-2-5p	19	43	14
ENSMGAG00000000179	56	79	hsa-miR-19b-3p	56	78	15511
ENSMGAG00000000183	2	24	gga-miR-155	2	25	5
ENSMGAG00000000187	13	35	gga-miR-106	13	33	9465
ENSMGAG00000000189	18	40	gga-miR-15c;gga-miR-15b	18	38	4121
ENSMGAG00000000189	56	75	hsa-miR-15b-3p	56	76	128
ENSMGAG00000000190	9	29	gga-miR-1677*	9	31	2
ENSMGAG00000000190	44	65	gga-miR-1677	43	65	5
ENSMGAG00000000191	9	31	gga-miR-1559	9	31	812
ENSMGAG00000000192	21	43	oan-miR-1388*	21	43	11
ENSMGAG00000000192	60	82	tgu-miR-1388	60	82	150
ENSMGAG00000000195	44	64	gga-miR-147	44	64	195
ENSMGAG00000000202	49	69	gga-miR-128	49	69	3021
ENSMGAG00000000213	13	36	hsa-miR-103a-2-5p	13	36	8
ENSMGAG00000000213	50	73	gga-miR-103	50	72	2961
ENSMGAG00000000218	18	39	ola-miR-301b-5p	18	39	29
ENSMGAG00000000218	56	80	gga-miR-301	56	79	201
ENSMGAG00000000219	10	31	gga-let-7b	10	31	125
ENSMGAG00000000219	66	88	hsa-let-7b-3p	66	86	1
ENSMGAG00000000226	15	36	gga-miR-30b	15	36	1140
ENSMGAG00000000227	15	37	hsa-miR-181b-5p	15	37	805
ENSMGAG00000000227	53	75	mmu-miR-181b-2-3p	52	72	11
ENSMGAG00000000233	56	79	gga-miR-489	57	79	2
ENSMGAG00000000235	12	33	gga-let-7a	12	33	1090
ENSMGAG00000000235	63	85	mmu-let-7c-2-3p	63	84	116
ENSMGAG00000000237	46	67	gga-miR-367	46	65	1
ENSMGAG00000000245	70	92	gga-miR-454	70	94	1498
ENSMGAG00000000259	14	37	gga-miR-183	14	35	1
ENSMGAG00000000260	20	42	gga-miR-1329	20	42	53
ENSMGAG00000000261	16	38	gga-miR-125b	16	37	2378
ENSMGAG00000000261	56	77	tgu-miR-125-1*	56	77	26
ENSMGAG00000000268	16	38	hsa-miR-29a-5p	16	34	71
ENSMGAG00000000268	54	76	hsa-miR-29c-3p	54	74	8742
ENSMGAG00000000283	17	39	gga-miR-451	17	42	4
ENSMGAG00000000288	15	36	gga-let-7c	15	36	287
ENSMGAG00000000288	60	82	mmu-let-7c-1-3p	55	77	1
ENSMGAG00000000289	51	72	gga-miR-1803	51	72	1
ENSMGAG00000000301	5	25	gga-let-7i	5	26	2854
ENSMGAG00000000301	61	82	hsa-let-7i-3p	61	82	37
ENSMGAG00000000302	10	32	hsa-miR-125b-5p	10	31	2395
ENSMGAG00000000302	50	71	tgu-miR-125-2*	50	71	26
ENSMGAG00000000303	13	33	tgu-miR-23*	13	34	3
ENSMGAG00000000303	51	72	gga-miR-23b	51	69	24226
ENSMGAG00000000305	48	70	aca-miR-219-1*	49	71	30
ENSMGAG00000000305	89	114	gga-miR-2964;gga-miR-219	89	109	631
ENSMGAG00000000307	23	44	tgu-miR-9*	23	44	5
ENSMGAG00000000307	58	81	gga-miR-9	59	81	104
ENSMGAG00000000310	33	56	gga-miR-146c	33	56	4500
ENSMGAG00000000310	75	96	gga-miR-146c*	76	96	26
ENSMGAG00000000311	1	22	gga-miR-140	0	19	39140
ENSMGAG00000000311	41	61	gga-miR-140*	40	60	20880
ENSMGAG00000000312	15	39	hsa-miR-29b-1-5p	15	35	61
ENSMGAG00000000312	56	78	gga-miR-29b	56	77	139
ENSMGAG00000000332	48	70	gga-miR-133a;gga-miR-133c	47	68	1
ENSMGAG00000000333	10	30	gga-let-7g	10	31	3027
ENSMGAG00000000333	67	88	hsa-let-7g-3p	67	89	5
ENSMGAG00000000337	14	34	gga-miR-3529	14	34	3373
ENSMGAG00000000337	53	76	ssc-miR-7	53	76	153
ENSMGAG00000000340	15	37	tgu-miR-425-5p	15	40	642
ENSMGAG00000000340	55	74	tgu-miR-425-3p	55	75	11
ENSMGAG00000000346	6	29	gga-miR-30c	6	29	873
ENSMGAG00000000346	46	67	tgu-miR-30c-3p	46	64	1
ENSMGAG00000000351	21	43	gga-miR-205a	21	43	6
ENSMGAG00000000351	58	76	hsa-miR-205-3p	55	77	1
ENSMGAG00000000352	15	38	hsa-miR-19b-1-5p	15	35	5
ENSMGAG00000000352	53	76	gga-miR-19b	53	75	15589
ENSMGAG00000000354	12	34	gga-miR-100	12	34	1822
ENSMGAG00000000354	46	66	tgu-miR-100*	47	69	5
ENSMGAG00000000356	19	40	gga-miR-130c*	19	40	5
ENSMGAG00000000356	58	79	gga-miR-130c	58	78	46
ENSMGAG00000000358	10	32	gga-miR-99a	10	32	2707
ENSMGAG00000000358	47	67	gga-miR-99a*	47	69	5
ENSMGAG00000000360	7	29	hsa-miR-96-5p	7	29	2
ENSMGAG00000000362	13	36	gga-miR-17-5p	13	33	8306
ENSMGAG00000000362	51	70	gga-miR-17-3p	51	70	141
ENSMGAG00000000368	13	34	hsa-miR-26a-5p	13	34	6767
ENSMGAG00000000370	13	35	gga-miR-16	13	35	4366
ENSMGAG00000000370	53	75	tgu-miR-16a*	53	74	33
ENSMGAG00000000371	14	35	mmu-miR-199a-5p	14	35	1260
ENSMGAG00000000371	52	72	gga-miR-199*	53	73	3625
ENSMGAG00000000373	16	37	gga-miR-301b-5p	16	37	16
ENSMGAG00000000373	53	77	gga-miR-301b-3p	53	76	90
ENSMGAG00000000378	25	47	gga-miR-551*	25	47	1
ENSMGAG00000000378	65	86	gga-miR-551	65	86	3
ENSMGAG00000000380	43	66	gga-miR-302d	42	62	8
ENSMGAG00000000383	28	51	gga-miR-135a	28	50	2269
ENSMGAG00000000385	17	35	gga-miR-1711	16	37	11
ENSMGAG00000000385	50	69	hsa-miR-143-3p	50	69	2112
ENSMGAG00000000387	10	32	cel-let-7-5p	10	31	1060
ENSMGAG00000000388	15	34	gga-miR-455-5p	15	34	1251
ENSMGAG00000000388	52	74	gga-miR-455-3p	52	72	650
ENSMGAG00000000405	21	44	tgu-miR-138	21	44	34
ENSMGAG00000000405	61	81	hsa-miR-138-1-3p	61	81	1
ENSMGAG00000000406	11	31	gga-miR-218	11	31	13
ENSMGAG00000000408	30	52	hsa-miR-3120-3p;hsa-miR-214-5p	31	52	47
ENSMGAG00000000408	74	93	gga-miR-1623	70	90	38
ENSMGAG00000000410	4	25	gga-let-7j	4	25	975
ENSMGAG00000000410	49	68	tgu-let-7a*	44	69	1
ENSMGAG00000000413	40	62	gga-miR-375	40	60	4
ENSMGAG00000000414	13	35	gga-miR-142-5p	15	35	1
ENSMGAG00000000414	52	74	gga-miR-142-3p	52	74	8
ENSMGAG00000000418	22	44	gga-miR-1769*	22	42	4
ENSMGAG00000000418	60	81	gga-miR-1769	60	81	41
ENSMGAG00000000422	18	41	gga-miR-20a	18	38	30250
ENSMGAG00000000432	21	42	gga-miR-1729	21	42	1601
ENSMGAG00000000432	62	84	gga-miR-1729*	62	84	28
ENSMGAG00000000433	58	79	gga-miR-223	58	79	7
ENSMGAG00000000437	39	62	gga-miR-302c	39	59	1
ENSMGAG00000000438	20	42	gga-miR-22*	20	40	288
ENSMGAG00000000438	61	82	gga-miR-22	61	82	6912
ENSMGAG00000000439	14	36	gga-miR-216b	15	36	1
ENSMGAG00000000454	13	34	hsa-miR-363-5p	16	37	31
ENSMGAG00000000454	56	76	tgu-miR-363	56	76	20770
ENSMGAG00000000456	13	35	tgu-miR-34c	13	35	36
ENSMGAG00000000460	31	53	hsa-miR-92a-2-5p	34	56	4
ENSMGAG00000000460	71	92	tgu-miR-92	71	92	10968
ENSMGAG00000000467	13	35	tgu-miR-139	13	35	17
ENSMGAG00000000469	52	71	gga-miR-1805-3p	52	70	1
ENSMGAG00000000475	55	75	gga-miR-187	55	75	4
ENSMGAG00000000477	4	26	hsa-miR-1306-5p	4	25	5
ENSMGAG00000000477	41	63	gga-miR-1306	43	62	5
ENSMGAG00000000479	25	46	gga-miR-215	25	44	6
ENSMGAG00000000482	55	77	gga-miR-203	55	77	230
ENSMGAG00000000485	20	42	gga-miR-1676*	22	42	5
ENSMGAG00000000492	20	42	gga-miR-34a	20	41	355
ENSMGAG00000000492	63	84	hsa-miR-34a-3p	64	84	8
ENSMGAG00000000496	47	70	tgu-miR-103	47	69	2899
ENSMGAG00000000499	51	72	gga-miR-200a	51	72	6
ENSMGAG00000000506	8	32	hsa-miR-3065-3p;hsa-miR-338-5p	10	30	9
ENSMGAG00000000506	48	70	tgu-miR-338-3p	48	70	421
ENSMGAG00000000509	9	30	gga-miR-26a	9	30	6869
ENSMGAG00000000509	48	69	hsa-miR-26a-1-3p	48	69	12
ENSMGAG00000000514	19	41	tgu-miR-181a	19	43	3351
ENSMGAG00000000514	59	81	gga-miR-181a*	59	81	35
ENSMGAG00000000516	56	77	gga-miR-1663	56	74	1
ENSMGAG00000000517	52	72	gga-miR-144	52	72	3
ENSMGAG00000000518	15	38	tgu-miR-9	15	37	100
ENSMGAG00000000518	53	73	gga-miR-9*	53	73	12
ENSMGAG00000000521	10	32	oan-miR-92a-2*	10	32	44
ENSMGAG00000000521	47	68	gga-miR-92	47	68	10993
ENSMGAG00000000524	50	70	hsa-miR-128	50	70	2990
ENSMGAG00000000525	6	27	gga-let-7f	6	27	4779
ENSMGAG00000000525	62	84	hsa-let-7f-1-3p	62	83	78
ENSMGAG00000000527	54	74	gga-miR-29c;gga-miR-29a	54	74	8606
ENSMGAG00000000530	59	80	gga-miR-184	59	80	9
ENSMGAG00000000533	23	44	gga-miR-196	23	45	29
ENSMGAG00000000536	5	28	mmu-miR-33-5p	5	25	34
ENSMGAG00000000537	61	84	oan-miR-222b	61	81	26
ENSMGAG00000000538	53	74	gga-miR-2188	53	74	2
ENSMGAG00000000542	0	21	hsa-miR-221-5p	0	21	4
ENSMGAG00000000542	40	61	gga-miR-221	40	61	1307
ENSMGAG00000000547	50	71	tgu-miR-29b	50	71	160
ENSMGAG00000000553	16	37	hsa-miR-365b-5p	15	37	1
ENSMGAG00000000553	56	77	gga-miR-365	56	75	504
ENSMGAG00000000557	18	37	gga-miR-30e	18	41	10821
ENSMGAG00000000557	60	82	tgu-miR-30a-3p	60	82	72
ENSMGAG00000000559	5	26	gga-miR-32	5	26	25
ENSMGAG00000000559	46	65	oan-miR-32*	45	66	1
ENSMGAG00000000566	20	41	hsa-miR-9-3p	20	41	1
ENSMGAG00000000566	57	80	ola-miR-9b-5p	58	80	121
ENSMGAG00000000567	14	37	gga-miR-1552-5p	14	37	32
ENSMGAG00000000567	52	73	gga-miR-1552-3p	52	73	5
ENSMGAG00000000568	16	39	tgu-miR-30c-5p	16	39	809
ENSMGAG00000000571	18	40	gga-miR-7	18	41	180
ENSMGAG00000000572	18	40	hsa-miR-27b-5p	18	37	12
ENSMGAG00000000572	60	81	gga-miR-27b	60	78	26994
ENSMGAG00000000578	42	64	gga-miR-302a	41	63	1
ENSMGAG00000000592	14	36	gga-miR-181b	14	36	810
ENSMGAG00000000592	54	75	hsa-miR-181b-3p	54	73	32
ENSMGAG00000000598	14	36	gga-miR-18b	14	34	5450
ENSMGAG00000000598	54	75	oan-miR-18*	54	75	56
ENSMGAG00000000599	29	50	gga-miR-458*	30	48	31
ENSMGAG00000000599	65	87	gga-miR-458	65	87	6825
ENSMGAG00000000602	23	45	gga-miR-181a	23	47	3313
ENSMGAG00000000602	62	84	pma-miR-181a*	62	84	7
ENSMGAG00000000607	14	35	gga-miR-146a	14	33	112
ENSMGAG00000000608	27	50	hsa-miR-182-5p	27	50	2
ENSMGAG00000000613	51	71	tgu-miR-133	51	73	3
ENSMGAG00000000618	22	46	hsa-miR-7-5p;hsa-miR-3529-3p	22	45	198
ENSMGAG00000000618	64	84	tgu-miR-7*	64	83	15
ENSMGAG00000000623	40	62	fru-miR-338	40	62	378
ENSMGAG00000016646	25	48	gga-miR-1456	26	48	5
ENSMGAG00000017279	52	70	gga-miR-3530	51	72	1
